ensemble,date,time,distance_traveled,river_depth,bin_width,latitude,longitude
200,2021-08-19,14:43:53.44,0,0.63,-9999,29.1714602608771,-90.8227532187461
201,2021-08-19,14:43:53.97,0.02,0.62,0.01,29.1714604313982,-90.8227532247103
202,2021-08-19,14:43:54.47,0.04,0.63,0.05,29.171460586777,-90.8227532639473
203,2021-08-19,14:43:55.79,0.07,0.65,0.01,29.1714608810052,-90.8227534105561
204,2021-08-19,14:43:55.56,0.1,0.68,0,29.1714611110392,-90.8227536234323
205,2021-08-19,14:43:56.16,0.14,0.7,0.07,29.171461366766,-90.8227539096096
206,2021-08-19,14:43:56.92,0.17,0.71,0.02,29.171461468233,-90.8227541316758
207,2021-08-19,14:43:57.51,0.18,0.71,0,29.1714615238681,-90.8227542037366
208,2021-08-19,14:43:58.09,0.19,0.72,0.01,29.171461451846,-90.8227542414168
209,2021-08-19,14:43:58.63,0.21,0.71,0.05,29.1714614946111,-90.8227544669669
210,2021-08-19,14:43:59.20,0.28,0.73,0.08,29.1714618602428,-90.8227550831529
211,2021-08-19,14:43:59.81,0.37,0.76,0.08,29.1714622724002,-90.8227559095867
212,2021-08-19,14:44:00.40,0.44,0.77,0.07,29.1714625668226,-90.8227564664321
213,2021-08-19,14:44:01.00,0.51,0.78,0.06,29.1714628932748,-90.8227571155972
214,2021-08-19,14:44:01.36,0.57,0.81,0.06,29.1714632284042,-90.8227575766446
215,2021-08-19,14:44:01.99,0.64,0.85,0.07,29.1714636564883,-90.8227580723468
216,2021-08-19,14:44:02.65,0.7,0.86,0.08,29.1714640901326,-90.8227585263372
217,2021-08-19,14:44:03.29,0.81,0.88,0.08,29.1714648757235,-90.8227591557603
218,2021-08-19,14:44:03.80,0.87,0.9,0.06,29.171465350652,-90.822759571367
219,2021-08-19,14:44:04.36,0.92,0.91,0.05,29.1714656838667,-90.8227599046928
220,2021-08-19,14:44:04.90,0.98,0.92,0.06,29.1714660442562,-90.8227602935538
221,2021-08-19,14:44:05.58,1.05,0.94,0.08,29.1714663604923,-90.8227608761779
222,2021-08-19,14:44:06.10,1.13,0.94,0.09,29.1714668172925,-90.8227616168896
223,2021-08-19,14:44:06.78,1.23,0.95,0.08,29.1714673533162,-90.8227624530831
224,2021-08-19,14:44:07.30,1.29,0.95,0.06,29.1714676172007,-90.8227629249392
225,2021-08-19,14:44:07.86,1.36,0.97,0.07,29.1714679881828,-90.8227635349283
226,2021-08-19,14:44:08.40,1.43,0.98,0.08,29.17146837674,-90.822764043812
227,2021-08-19,14:44:08.97,1.51,0.98,0.08,29.1714688600012,-90.8227647468442
228,2021-08-19,14:44:09.51,1.58,0.99,0.07,29.1714693005192,-90.8227652501109
229,2021-08-19,14:44:10.09,1.65,1,0.08,29.1714697677216,-90.8227657617704
230,2021-08-19,14:44:10.65,1.74,1,0.07,29.1714703519483,-90.8227663483723
231,2021-08-19,14:44:11.22,1.8,1.01,0.05,29.1714707813226,-90.8227666875405
232,2021-08-19,14:44:11.75,1.85,1,0.05,29.1714710965677,-90.8227670214926
233,2021-08-19,14:44:12.33,1.91,1.01,0.06,29.1714715019559,-90.8227674432916
234,2021-08-19,14:44:12.88,1.97,1.02,0.06,29.1714718900782,-90.8227679296111
235,2021-08-19,14:44:13.46,2.03,1.02,0.06,29.1714721467244,-90.8227684807593
236,2021-08-19,14:44:14.09,2.1,1.02,0.07,29.1714724500149,-90.8227690350797
237,2021-08-19,14:44:14.58,2.17,1.02,0.06,29.171472752332,-90.8227697365765
238,2021-08-19,14:44:15.11,2.22,1.02,0.04,29.1714729022381,-90.8227701594513
239,2021-08-19,14:44:15.70,2.26,1.02,0.05,29.1714731316697,-90.8227705477228
240,2021-08-19,14:44:16.23,2.32,1.02,0.06,29.1714734025517,-90.8227710186403
241,2021-08-19,14:44:16.81,2.39,1.03,0.06,29.1714738049298,-90.8227715645835
242,2021-08-19,14:44:17.38,2.44,1.03,0.06,29.1714741544575,-90.8227719882086
243,2021-08-19,14:44:17.96,2.51,1.03,0.07,29.1714745379793,-90.8227725272262
244,2021-08-19,14:44:18.48,2.58,1.03,0.06,29.1714749433912,-90.8227730250293
245,2021-08-19,14:44:19.50,2.64,1.03,0.07,29.1714753167638,-90.8227735198826
246,2021-08-19,14:44:19.58,2.72,1.04,0.08,29.1714757928694,-90.8227741890666
247,2021-08-19,14:44:20.16,2.8,1.03,0.09,29.1714762685767,-90.8227747904116
248,2021-08-19,14:44:20.89,2.9,1.03,0.1,29.1714768402865,-90.8227755166855
249,2021-08-19,14:44:21.45,2.99,1.03,0.1,29.1714773640185,-90.8227763279634
250,2021-08-19,14:44:21.98,3.1,1.02,0.09,29.1714779600698,-90.8227771734492
251,2021-08-19,14:44:22.54,3.17,1.03,0.13,29.171478345084,-90.8227776971272
252,2021-08-19,14:44:23.79,3.24,1.04,0.02,29.1714786793278,-90.8227783162087
253,2021-08-19,14:44:23.65,3.34,1.04,0.01,29.1714792696366,-90.8227791840324
254,2021-08-19,14:44:24.20,3.44,1.03,0.19,29.1714798732581,-90.8227799535398
255,2021-08-19,14:44:24.76,3.54,1.04,0.1,29.1714803464548,-90.8227807716874
256,2021-08-19,14:44:25.32,3.65,1.03,0.11,29.1714809416352,-90.8227816479276
257,2021-08-19,14:44:25.89,3.75,1.03,0.1,29.1714815415575,-90.8227824893749
258,2021-08-19,14:44:26.45,3.85,1.03,0.1,29.1714820809604,-90.8227832547942
259,2021-08-19,14:44:27.20,3.94,1.03,0.1,29.1714826295661,-90.8227840221444
260,2021-08-19,14:44:27.56,4.05,1.02,0.11,29.1714831733643,-90.8227848657857
261,2021-08-19,14:44:28.14,4.16,1.02,0.12,29.1714838851236,-90.8227856696544
262,2021-08-19,14:44:28.68,4.29,1.01,0.12,29.171484582171,-90.8227867149316
263,2021-08-19,14:44:29.24,4.41,1.01,0.11,29.1714853118355,-90.8227876232637
264,2021-08-19,14:44:29.76,4.51,1,0.09,29.1714859946818,-90.8227883054334
265,2021-08-19,14:44:30.33,4.58,1,0.07,29.1714864825357,-90.8227888611273
266,2021-08-19,14:44:30.86,4.65,1,0.08,29.1714869714744,-90.8227893092185
267,2021-08-19,14:44:31.45,4.75,1,0.1,29.1714876603437,-90.8227899698939
268,2021-08-19,14:44:31.98,4.86,0.99,0.11,29.1714884303365,-90.8227905752413
269,2021-08-19,14:44:32.53,4.97,0.98,0.2,29.1714892065205,-90.8227914093647
270,2021-08-19,14:44:33.90,5.09,0.97,0.03,29.1714898864583,-90.8227923253143
271,2021-08-19,14:44:33.67,5.22,0.96,0.03,29.171490735102,-90.8227931944132
272,2021-08-19,14:44:34.21,5.33,0.95,0.26,29.1714913574672,-90.8227941017395
273,2021-08-19,14:44:34.76,5.44,0.95,0.09,29.1714919713215,-90.8227949668215
274,2021-08-19,14:44:35.30,5.5,0.94,0.06,29.1714923662053,-90.822795469955
275,2021-08-19,14:44:35.85,5.57,0.93,0.07,29.1714927502345,-90.8227959443796
276,2021-08-19,14:44:36.40,5.64,0.94,0.09,29.1714931912606,-90.8227965574177
277,2021-08-19,14:44:36.97,5.74,0.94,0.1,29.1714937099773,-90.822797320674
278,2021-08-19,14:44:37.50,5.83,0.93,0.16,29.1714942550927,-90.8227980965522
279,2021-08-19,14:44:38.70,5.93,0.93,0.04,29.1714948293978,-90.8227988572909
280,2021-08-19,14:44:38.59,6.04,0.92,0.03,29.171495393103,-90.8227997512935
281,2021-08-19,14:44:39.15,6.15,0.91,0.2,29.1714959595083,-90.82280065283
282,2021-08-19,14:44:39.85,6.29,0.9,0.13,29.171496724928,-90.822801828176
283,2021-08-19,14:44:40.40,6.41,0.89,0.11,29.1714973615137,-90.8228027930875
284,2021-08-19,14:44:40.92,6.5,0.89,0.09,29.1714978690918,-90.8228035669344
285,2021-08-19,14:44:41.47,6.59,0.88,0.08,29.1714983713222,-90.8228042861243
286,2021-08-19,14:44:41.97,6.66,0.86,0.09,29.1714987975435,-90.8228048535874
287,2021-08-19,14:44:42.52,6.77,0.86,0.1,29.1714993696108,-90.8228057145092
288,2021-08-19,14:44:43.40,6.87,0.85,0.09,29.1714999733427,-90.8228065253855
289,2021-08-19,14:44:43.59,6.95,0.84,0.06,29.1715004216965,-90.82280718507
290,2021-08-19,14:44:44.09,7,0.84,0.05,29.1715007301273,-90.8228075278251
291,2021-08-19,14:44:44.66,7.05,0.84,0.06,29.1715010827774,-90.822807771489
292,2021-08-19,14:44:45.18,7.12,0.83,0.1,29.17150166928,-90.8228081722611
293,2021-08-19,14:44:45.73,7.25,0.82,0.13,29.1715025767897,-90.8228089359533
294,2021-08-19,14:44:46.23,7.38,0.82,0.14,29.1715034799229,-90.8228098558208
295,2021-08-19,14:44:46.76,7.52,0.81,0.13,29.1715042587327,-90.8228110117327
296,2021-08-19,14:44:47.27,7.63,0.8,0.1,29.1715048759976,-90.8228119080191
297,2021-08-19,14:44:47.80,7.72,0.8,0.08,29.1715053688853,-90.8228125467282
298,2021-08-19,14:44:48.31,7.78,0.79,0.08,29.1715057135407,-90.8228131282752
299,2021-08-19,14:44:48.85,7.87,0.79,0.09,29.1715061868801,-90.8228138578805
300,2021-08-19,14:44:49.35,7.96,0.78,0.1,29.1715067141722,-90.8228145170326
301,2021-08-19,14:44:49.89,8.07,0.79,0.11,29.1715072948595,-90.8228154694496
302,2021-08-19,14:44:50.39,8.17,0.8,0.09,29.1715078486673,-90.8228162988642
303,2021-08-19,14:44:50.93,8.26,0.77,0.07,29.1715082865192,-90.8228169814673
304,2021-08-19,14:44:51.43,8.32,0.77,0.07,29.1715085885748,-90.8228175728916
305,2021-08-19,14:44:51.97,8.4,0.76,0.09,29.1715090483842,-90.8228182325744
306,2021-08-19,14:44:52.48,8.5,0.74,0.08,29.1715095085998,-90.8228190108795
307,2021-08-19,14:44:53.09,8.56,0.76,0.07,29.171509809874,-90.8228195967574
308,2021-08-19,14:44:53.50,8.64,0.8,0.07,29.1715100737962,-90.8228203376211
309,2021-08-19,14:44:54.40,8.7,0.77,0.03,29.1715102287711,-90.8228209657718
310,2021-08-19,14:44:54.54,8.72,0.75,0.09,29.1715100502599,-90.822821039864
311,2021-08-19,14:44:55.90,8.82,0.76,0.02,29.1715099631896,-90.8228219761193
312,2021-08-19,14:44:55.69,8.92,0.73,0,29.1715104688097,-90.8228228679904
313,2021-08-19,14:44:56.32,9.03,0.73,0.18,29.1715114055558,-90.8228233075917
314,2021-08-19,14:44:56.69,9.09,0.72,0.07,29.1715118260427,-90.822823658683
315,2021-08-19,14:44:57.21,9.17,0.7,-9999,29.1715124058928,-90.8228241499061
