ensemble,date,time,distance_traveled,river_depth,bin_width,latitude,longitude
903,2021-09-25,16:22:19.910,0,0.91,0,29.55699629,-91.35837892
904,2021-09-25,16:22:20.430,0.09,0.9,0.09,29.55699614,-91.35837961
905,2021-09-25,16:22:20.910,0.17,0.88,0.08,29.55699587,-91.35838063
906,2021-09-25,16:22:21.430,0.26,0.84,0.09,29.55699569,-91.35838129
907,2021-09-25,16:22:21.910,0.34,0.87,0.08,29.55699542,-91.35838223
908,2021-09-25,16:22:22.440,0.42,0.89,0.08,29.55699522,-91.35838285
909,2021-09-25,16:22:22.930,0.49,0.91,0.07,29.55699494,-91.35838377
910,2021-09-25,16:22:23.450,0.57,0.89,0.08,29.55699475,-91.35838434
911,2021-09-25,16:22:23.930,0.65,0.87,0.08,29.55699447,-91.35838517
912,2021-09-25,16:22:24.460,0.72,0.86,0.07,29.55699426,-91.35838574
913,2021-09-25,16:22:24.950,0.79,0.85,0.07,29.55699398,-91.35838653
914,2021-09-25,16:22:25.470,0.86,0.86,0.07,29.55699379,-91.35838707
915,2021-09-25,16:22:25.940,0.91,0.85,0.05,29.55699353,-91.35838782
916,2021-09-25,16:22:26.470,1.02,0.87,0.11,29.55699358,-91.35838831
917,2021-09-25,16:22:26.960,1.07,0.85,0.05,29.55699402,-91.35838903
918,2021-09-25,16:22:27.480,1.13,0.85,0.06,29.55699444,-91.35838963
919,2021-09-25,16:22:27.950,1.18,0.87,0.05,29.55699521,-91.35839042
920,2021-09-25,16:22:28.480,1.24,0.86,0.06,29.55699583,-91.35839092
921,2021-09-25,16:22:28.950,1.31,0.86,0.07,29.5569969,-91.35839174
922,2021-09-25,16:22:29.470,1.39,0.89,0.08,29.55699776,-91.35839229
923,2021-09-25,16:22:29.960,1.49,0.88,0.1,29.55699922,-91.3583931
924,2021-09-25,16:22:30.490,1.52,0.91,0.03,29.55700027,-91.35839368
925,2021-09-25,16:22:30.970,1.65,0.87,0.13,29.557002,-91.35839449
926,2021-09-25,16:22:31.510,1.81,0.9,0.16,29.55700389,-91.35839537
927,2021-09-25,16:22:32.000,1.98,0.9,0.17,29.55700528,-91.35839596
928,2021-09-25,16:22:32.530,2.19,0.91,0.21,29.55700756,-91.35839684
929,2021-09-25,16:22:33.030,2.36,0.92,0.17,29.5570092,-91.35839744
930,2021-09-25,16:22:33.560,2.61,0.94,0.25,29.55701188,-91.35839831
931,2021-09-25,16:22:34.060,2.88,0.98,0.27,29.55701478,-91.35839912
932,2021-09-25,16:22:34.600,3.16,0.99,0.28,29.55701688,-91.35839965
933,2021-09-25,16:22:35.120,3.46,1.05,0.3,29.55702025,-91.35840036
934,2021-09-25,16:22:35.680,3.83,1.06,0.37,29.55702391,-91.35840096
935,2021-09-25,16:22:36.210,4.2,1.06,0.37,29.55702783,-91.35840145
936,2021-09-25,16:22:36.770,4.62,1.1,0.42,29.55703198,-91.35840192
937,2021-09-25,16:22:37.410,5.18,1.12,0.56,29.55703478,-91.35840224
938,2021-09-25,16:22:37.970,5.64,1.16,0.46,29.55703915,-91.35840257
939,2021-09-25,16:22:38.510,6.1,1.2,0.46,29.55704368,-91.35840272
940,2021-09-25,16:22:39.090,6.62,1.28,0.52,29.55704843,-91.358403
941,2021-09-25,16:22:39.650,7.1,1.29,0.48,29.55705336,-91.3584031
942,2021-09-25,16:22:40.180,7.61,1.38,0.51,29.55705675,-91.35840307
943,2021-09-25,16:22:40.690,8.1,1.5,0.49,29.557062,-91.35840297
944,2021-09-25,16:22:41.250,8.66,1.59,0.56,29.55706744,-91.35840281
945,2021-09-25,16:22:41.830,9.24,1.64,0.58,29.55707303,-91.3584025
946,2021-09-25,16:22:42.490,9.89,1.74,0.65,29.55707853,-91.35840214
947,2021-09-25,16:22:43.110,10.47,1.74,0.58,29.55708559,-91.35840165
948,2021-09-25,16:22:43.770,11.08,1.78,0.61,29.55709073,-91.35840119
949,2021-09-25,16:22:44.410,11.67,1.79,0.59,29.55709574,-91.35840068
950,2021-09-25,16:22:45.080,12.27,1.79,0.6,29.55710067,-91.35840023
951,2021-09-25,16:22:45.700,12.8,1.82,0.53,29.55710697,-91.35839957
952,2021-09-25,16:22:46.380,13.37,1.89,0.57,29.55711155,-91.35839909
953,2021-09-25,16:22:47.010,13.88,1.89,0.51,29.55711602,-91.35839862
954,2021-09-25,16:22:47.690,14.41,1.89,0.53,29.55712037,-91.35839827
955,2021-09-25,16:22:48.330,14.9,1.84,0.49,29.55712595,-91.35839779
956,2021-09-25,16:22:49.000,15.41,1.77,0.51,29.55713004,-91.35839757
957,2021-09-25,16:22:49.630,15.86,1.63,0.45,29.55713407,-91.35839739
958,2021-09-25,16:22:50.320,16.36,1.42,0.5,29.55713794,-91.35839718
959,2021-09-25,16:22:50.930,16.83,1.24,0.47,29.55714336,-91.35839692
960,2021-09-25,16:22:51.710,17.43,1.17,0.6,29.55714757,-91.3583966
961,2021-09-25,16:22:52.270,17.84,1.11,0.41,29.55715167,-91.35839622
962,2021-09-25,16:22:52.800,18.23,1.06,0.39,29.55715432,-91.35839612
963,2021-09-25,16:22:53.370,18.64,1.05,0.41,29.55715825,-91.35839592
964,2021-09-25,16:22:53.890,19.01,0.94,0.37,29.55716209,-91.35839565
965,2021-09-25,16:22:54.410,19.38,0.87,0.37,29.5571646,-91.35839551
966,2021-09-25,16:22:54.900,19.71,0.85,0.33,29.55716834,-91.3583955
967,2021-09-25,16:22:55.520,20.12,0.79,0.41,29.55717077,-91.35839548
968,2021-09-25,16:22:55.850,20.34,0.74,0.22,29.55717434,-91.35839544
969,2021-09-25,16:22:56.540,20.78,0.68,0.44,29.55717785,-91.35839538
970,2021-09-25,16:22:57.120,21.17,0.67,0.39,29.5571813,-91.35839533
971,2021-09-25,16:22:57.720,21.6,0.62,0.43,29.5571849,-91.35839504
972,2021-09-25,16:22:58.300,22.06,0.59,0.46,29.5571889,-91.35839453
973,2021-09-25,16:22:58.890,22.49,0.58,0.43,29.55719303,-91.35839384
974,2021-09-25,16:22:59.440,22.88,0.54,0.39,29.55719695,-91.35839296
975,2021-09-25,16:23:00.040,23.27,0.57,0.39,29.55720189,-91.35839171
976,2021-09-25,16:23:00.800,23.77,0.56,0.5,29.55720551,-91.35839073
977,2021-09-25,16:23:01.390,24.15,0.56,0.38,29.55720777,-91.35839
978,2021-09-25,16:23:01.940,24.49,0.57,0.34,29.55721106,-91.35838883
979,2021-09-25,16:23:02.550,24.86,0.56,0.37,29.55721423,-91.35838774
980,2021-09-25,16:23:03.110,25.18,0.55,0.32,29.55721728,-91.35838658
981,2021-09-25,16:23:03.710,25.53,0.56,0.35,29.55722018,-91.35838536
982,2021-09-25,16:23:04.260,25.83,0.57,0.3,29.55722304,-91.35838413
983,2021-09-25,16:23:04.860,26.14,0.55,0.31,29.55722489,-91.3583833
984,2021-09-25,16:23:05.360,26.4,0.54,0.26,29.55722762,-91.35838207
985,2021-09-25,16:23:05.960,26.7,0.55,0.3,29.55723022,-91.35838079
986,2021-09-25,16:23:06.510,26.97,0.54,0.27,29.55723278,-91.3583796
987,2021-09-25,16:23:07.100,27.23,0.54,0.26,29.55723519,-91.35837849
988,2021-09-25,16:23:07.650,27.47,0.52,0.24,29.55723747,-91.35837749
989,2021-09-25,16:23:08.240,27.69,0.54,0.22,29.55723891,-91.35837692
990,2021-09-25,16:23:08.790,27.89,0.55,0.2,29.55724094,-91.35837615
991,2021-09-25,16:23:09.380,28.07,0.55,0.18,29.55724274,-91.35837546
992,2021-09-25,16:23:09.940,28.21,0.56,0.14,29.55724425,-91.35837493
993,2021-09-25,16:23:10.520,28.34,0.56,0.13,29.55724557,-91.3583745
994,2021-09-25,16:23:11.080,28.43,0.55,0.09,29.5572466,-91.35837428
995,2021-09-25,16:23:11.680,28.39,0.57,-0.04,29.55724697,-91.35837424
996,2021-09-25,16:23:12.230,28.29,0.53,-0.1,29.55724649,-91.35837466
997,2021-09-25,16:23:12.820,28.2,0.54,-0.09,29.5572458,-91.35837552
998,2021-09-25,16:23:13.370,28.18,0.57,-0.02,29.55724491,-91.35837643
999,2021-09-25,16:23:13.960,28.25,0.59,0.07,29.55724486,-91.3583767
1000,2021-09-25,16:23:14.510,28.35,0.58,0.1,29.55724567,-91.35837657
1001,2021-09-25,16:23:15.110,28.51,0.56,0.16,29.55724698,-91.35837632
1002,2021-09-25,16:23:15.670,28.71,0.55,0.2,29.55724866,-91.35837576
1003,2021-09-25,16:23:16.270,28.98,0.55,0.27,29.55725075,-91.35837481
1004,2021-09-25,16:23:16.830,29.28,0.56,0.3,29.5572533,-91.35837369
1005,2021-09-25,16:23:17.420,29.64,0.55,0.36,29.55725623,-91.35837248
1006,2021-09-25,16:23:17.980,30,0.55,0.36,29.55725827,-91.35837154
1007,2021-09-25,16:23:18.580,30.42,0.55,0.42,29.55726152,-91.35837003
1008,2021-09-25,16:23:19.130,30.79,0.54,0.37,29.55726501,-91.35836852
1009,2021-09-25,16:23:19.730,31.17,0.55,0.38,29.55726863,-91.35836695
1010,2021-09-25,16:23:20.280,31.49,0.54,0.32,29.55727203,-91.35836542
1011,2021-09-25,16:23:20.860,31.49,0.44,0,29.55727523,-91.35836406
1012,2021-09-25,16:23:21.390,32.13,0.52,0.64,29.55727727,-91.35836318
1013,2021-09-25,16:23:21.960,32.43,0.53,0.3,29.55728019,-91.35836199
1014,2021-09-25,16:23:22.530,32.73,0.55,0.3,29.55728297,-91.35836095
1015,2021-09-25,16:23:23.120,33.01,0.5,0.28,29.55728556,-91.35835998
1016,2021-09-25,16:23:23.680,33.24,0.51,0.23,29.55728795,-91.35835898
1017,2021-09-25,16:23:24.250,33.24,0.53,0,29.55728938,-91.35835839
1018,2021-09-25,16:23:24.740,33.24,0,0,29.55729136,-91.35835764
1019,2021-09-25,16:23:25.330,33.24,0.44,0,29.55729299,-91.35835704
1020,2021-09-25,16:23:25.870,33.24,0.47,0,29.55729424,-91.35835653
1021,2021-09-25,16:23:26.440,33.24,0.46,0,29.55729486,-91.35835624
1022,2021-09-25,16:23:26.930,33.24,0.38,0,29.55729553,-91.35835598
1023,2021-09-25,16:23:27.480,33.24,0.36,0,29.5572958,-91.35835586
1024,2021-09-25,16:23:27.980,33.24,0,0,29.55729597,-91.35835573
1025,2021-09-25,16:23:28.510,33.24,0,0,29.55729592,-91.35835574
1026,2021-09-25,16:23:29.020,33.24,0.46,0,29.55729582,-91.35835576
1027,2021-09-25,16:23:29.560,33.24,0.46,0,29.55729567,-91.35835578
1028,2021-09-25,16:23:30.060,33.24,0.44,0,29.55729558,-91.3583558
1029,2021-09-25,16:23:30.600,33.24,0.44,0,29.55729546,-91.35835582
1030,2021-09-25,16:23:31.090,33.24,0.45,0,29.55729539,-91.35835582
